{
  "nbformat": 4,
  "nbformat_minor": 0,
  "metadata": {
    "colab": {
      "name": "Gaussian Mixture Model.ipynb",
      "provenance": [],
      "collapsed_sections": []
    },
    "kernelspec": {
      "name": "python3",
      "display_name": "Python 3"
    },
    "language_info": {
      "name": "python"
    }
  },
  "cells": [
    {
      "cell_type": "markdown",
      "metadata": {
        "id": "yYL8sij4CcS_"
      },
      "source": [
        "# Gaussian Mixture Model\n",
        "Not a model per se, but rather a probability distribution.\n",
        "- a probabilistic model that assumes all the data points are generated from a mixture of a finite number of Gaussian distributions with unknown parameters.\n",
        "\n",
        "**Source Code Referencse**\n",
        "- Chelsea Pelleriti (2020) CPSC 392 || Lecture 17 Pt. II EM/Gaussian Mixture Models in Python https://www.youtube.com/watch?v=WsGNJYCxwNM&ab_channel=ChelseaPelleriti"
      ]
    },
    {
      "cell_type": "code",
      "metadata": {
        "colab": {
          "base_uri": "https://localhost:8080/",
          "height": 17
        },
        "id": "1esk5ViPCi3B",
        "outputId": "afe65d6d-91f9-4708-b8d0-68d9cacd40cb"
      },
      "source": [
        "import pandas as pd\n",
        "import numpy as np\n",
        "from plotnine import *\n",
        "import warnings\n",
        "warnings.filterwarnings(action=\"ignore\")\n",
        "\n",
        "# Z-score variables\n",
        "from sklearn.preprocessing import StandardScaler\n",
        "\n",
        "from sklearn.cluster import KMeans\n",
        "from sklearn.mixture import GaussianMixture\n",
        "\n",
        "from sklearn.metrics import silhouette_score"
      ],
      "execution_count": 24,
      "outputs": [
        {
          "output_type": "display_data",
          "data": {
            "text/html": [
              "<style> pre { white-space: pre-wrap; }</style>"
            ],
            "text/plain": [
              "<IPython.core.display.HTML object>"
            ]
          },
          "metadata": {}
        }
      ]
    },
    {
      "cell_type": "code",
      "metadata": {
        "id": "BZrsndvcDDuD",
        "colab": {
          "base_uri": "https://localhost:8080/",
          "height": 239
        },
        "outputId": "03ee4ee4-7b76-4ccc-b0b0-0f56a897ea4a"
      },
      "source": [
        "bk = pd.read_csv(\"burger-king-items.txt\", sep=\"\\t\")\n",
        "bk.head()"
      ],
      "execution_count": 25,
      "outputs": [
        {
          "output_type": "display_data",
          "data": {
            "text/html": [
              "<style> pre { white-space: pre-wrap; }</style>"
            ],
            "text/plain": [
              "<IPython.core.display.HTML object>"
            ]
          },
          "metadata": {}
        },
        {
          "output_type": "execute_result",
          "data": {
            "text/html": [
              "<div>\n",
              "<style scoped>\n",
              "    .dataframe tbody tr th:only-of-type {\n",
              "        vertical-align: middle;\n",
              "    }\n",
              "\n",
              "    .dataframe tbody tr th {\n",
              "        vertical-align: top;\n",
              "    }\n",
              "\n",
              "    .dataframe thead th {\n",
              "        text-align: right;\n",
              "    }\n",
              "</style>\n",
              "<table border=\"1\" class=\"dataframe\">\n",
              "  <thead>\n",
              "    <tr style=\"text-align: right;\">\n",
              "      <th></th>\n",
              "      <th>Item</th>\n",
              "      <th>Serving.size</th>\n",
              "      <th>Calories</th>\n",
              "      <th>Fat.Cal</th>\n",
              "      <th>Protein(g)</th>\n",
              "      <th>Fat(g)</th>\n",
              "      <th>Sat.Fat(g)</th>\n",
              "      <th>Trans.fat(g)</th>\n",
              "      <th>Chol(mg)</th>\n",
              "      <th>Sodium(mg)</th>\n",
              "      <th>Carbs(g)</th>\n",
              "      <th>Fiber(g)</th>\n",
              "      <th>Sugar(g)</th>\n",
              "      <th>Meat</th>\n",
              "      <th>Breakfast</th>\n",
              "      <th>Not Breakfast</th>\n",
              "      <th>CarbsxMeat</th>\n",
              "    </tr>\n",
              "  </thead>\n",
              "  <tbody>\n",
              "    <tr>\n",
              "      <th>0</th>\n",
              "      <td>Hamburger</td>\n",
              "      <td>109.0</td>\n",
              "      <td>260</td>\n",
              "      <td>90.0</td>\n",
              "      <td>13</td>\n",
              "      <td>10.0</td>\n",
              "      <td>4.0</td>\n",
              "      <td>0.0</td>\n",
              "      <td>35</td>\n",
              "      <td>490</td>\n",
              "      <td>28</td>\n",
              "      <td>1.0</td>\n",
              "      <td>6</td>\n",
              "      <td>1</td>\n",
              "      <td>0</td>\n",
              "      <td>1</td>\n",
              "      <td>28</td>\n",
              "    </tr>\n",
              "    <tr>\n",
              "      <th>1</th>\n",
              "      <td>Cheeseburger</td>\n",
              "      <td>121.0</td>\n",
              "      <td>300</td>\n",
              "      <td>130.0</td>\n",
              "      <td>16</td>\n",
              "      <td>14.0</td>\n",
              "      <td>6.0</td>\n",
              "      <td>0.0</td>\n",
              "      <td>45</td>\n",
              "      <td>710</td>\n",
              "      <td>28</td>\n",
              "      <td>1.0</td>\n",
              "      <td>6</td>\n",
              "      <td>1</td>\n",
              "      <td>0</td>\n",
              "      <td>1</td>\n",
              "      <td>28</td>\n",
              "    </tr>\n",
              "    <tr>\n",
              "      <th>2</th>\n",
              "      <td>Double_Hamburger</td>\n",
              "      <td>146.0</td>\n",
              "      <td>360</td>\n",
              "      <td>160.0</td>\n",
              "      <td>22</td>\n",
              "      <td>18.0</td>\n",
              "      <td>8.0</td>\n",
              "      <td>0.0</td>\n",
              "      <td>70</td>\n",
              "      <td>520</td>\n",
              "      <td>28</td>\n",
              "      <td>1.0</td>\n",
              "      <td>6</td>\n",
              "      <td>1</td>\n",
              "      <td>0</td>\n",
              "      <td>1</td>\n",
              "      <td>28</td>\n",
              "    </tr>\n",
              "    <tr>\n",
              "      <th>3</th>\n",
              "      <td>Double_Cheeseburger</td>\n",
              "      <td>171.0</td>\n",
              "      <td>450</td>\n",
              "      <td>230.0</td>\n",
              "      <td>26</td>\n",
              "      <td>26.0</td>\n",
              "      <td>12.0</td>\n",
              "      <td>1.0</td>\n",
              "      <td>95</td>\n",
              "      <td>960</td>\n",
              "      <td>29</td>\n",
              "      <td>1.0</td>\n",
              "      <td>6</td>\n",
              "      <td>1</td>\n",
              "      <td>0</td>\n",
              "      <td>1</td>\n",
              "      <td>29</td>\n",
              "    </tr>\n",
              "    <tr>\n",
              "      <th>4</th>\n",
              "      <td>Buck_Double</td>\n",
              "      <td>158.0</td>\n",
              "      <td>410</td>\n",
              "      <td>200.0</td>\n",
              "      <td>24</td>\n",
              "      <td>22.0</td>\n",
              "      <td>10.0</td>\n",
              "      <td>0.5</td>\n",
              "      <td>85</td>\n",
              "      <td>740</td>\n",
              "      <td>28</td>\n",
              "      <td>1.0</td>\n",
              "      <td>6</td>\n",
              "      <td>1</td>\n",
              "      <td>0</td>\n",
              "      <td>1</td>\n",
              "      <td>28</td>\n",
              "    </tr>\n",
              "  </tbody>\n",
              "</table>\n",
              "</div>"
            ],
            "text/plain": [
              "                  Item  Serving.size  ...  Not Breakfast  CarbsxMeat\n",
              "0            Hamburger         109.0  ...              1          28\n",
              "1         Cheeseburger         121.0  ...              1          28\n",
              "2     Double_Hamburger         146.0  ...              1          28\n",
              "3  Double_Cheeseburger         171.0  ...              1          29\n",
              "4          Buck_Double         158.0  ...              1          28\n",
              "\n",
              "[5 rows x 17 columns]"
            ]
          },
          "metadata": {},
          "execution_count": 25
        }
      ]
    },
    {
      "cell_type": "code",
      "metadata": {
        "colab": {
          "base_uri": "https://localhost:8080/",
          "height": 84
        },
        "id": "uJiniI_OCyJS",
        "outputId": "64d461e3-10cd-4642-b072-29b56413cdc9"
      },
      "source": [
        "features = [\"Calories\", \"Sodium(mg)\"]\n",
        "\n",
        "X = bk[features]\n",
        "z = StandardScaler()\n",
        "X[features] = z.fit_transform(X)\n",
        "\n",
        "EM = GaussianMixture(n_components=3)\n",
        "EM.fit(X)"
      ],
      "execution_count": 26,
      "outputs": [
        {
          "output_type": "display_data",
          "data": {
            "text/html": [
              "<style> pre { white-space: pre-wrap; }</style>"
            ],
            "text/plain": [
              "<IPython.core.display.HTML object>"
            ]
          },
          "metadata": {}
        },
        {
          "output_type": "execute_result",
          "data": {
            "text/plain": [
              "GaussianMixture(covariance_type='full', init_params='kmeans', max_iter=100,\n",
              "                means_init=None, n_components=3, n_init=1, precisions_init=None,\n",
              "                random_state=None, reg_covar=1e-06, tol=0.001, verbose=0,\n",
              "                verbose_interval=10, warm_start=False, weights_init=None)"
            ]
          },
          "metadata": {},
          "execution_count": 26
        }
      ]
    },
    {
      "cell_type": "code",
      "metadata": {
        "colab": {
          "base_uri": "https://localhost:8080/",
          "height": 117
        },
        "id": "u_SsP-CoZw1O",
        "outputId": "f3e4a328-67af-4892-a5f0-b6f7fafb600a"
      },
      "source": [
        "# Hard assignment (labels of clusters to which each data point belongs to.)\n",
        "# There are 3 components (0, 1, 2) as was previously set in the GM model initialisation above.\n",
        "cluster = EM.predict(X)\n",
        "cluster"
      ],
      "execution_count": 27,
      "outputs": [
        {
          "output_type": "display_data",
          "data": {
            "text/html": [
              "<style> pre { white-space: pre-wrap; }</style>"
            ],
            "text/plain": [
              "<IPython.core.display.HTML object>"
            ]
          },
          "metadata": {}
        },
        {
          "output_type": "execute_result",
          "data": {
            "text/plain": [
              "array([1, 0, 1, 0, 0, 0, 0, 0, 2, 2, 2, 2, 2, 2, 2, 2, 2, 2, 2, 0, 0, 2,\n",
              "       2, 2, 0, 2, 2, 0, 0, 0, 1, 1, 1, 0, 1, 1, 0, 0, 0, 0, 0, 2, 2, 0,\n",
              "       0, 0, 0, 1, 1, 1, 1, 1, 1, 1, 1, 1, 1, 0, 0, 0, 1, 1, 0, 0, 0, 2,\n",
              "       2, 0, 2, 0, 0, 0, 0, 0, 2, 0, 2, 0, 0, 2, 0, 0, 0, 0, 0, 1, 2, 1,\n",
              "       1, 1, 0, 2, 0, 1, 1, 1, 1, 2, 2, 2, 2, 0, 2, 2, 0, 0, 0, 1, 1, 1,\n",
              "       1, 1, 1, 1, 1, 1, 1, 1, 1, 1, 1, 1])"
            ]
          },
          "metadata": {},
          "execution_count": 27
        }
      ]
    },
    {
      "cell_type": "code",
      "metadata": {
        "colab": {
          "base_uri": "https://localhost:8080/",
          "height": 1000
        },
        "id": "tKZLYCFyZ3av",
        "outputId": "79c327d5-c8e8-4dd7-aaca-423b06801b42"
      },
      "source": [
        "# Soft assignment (gives probabilities)\n",
        "cluster_p = EM.predict_proba(X)\n",
        "cluster_p"
      ],
      "execution_count": 28,
      "outputs": [
        {
          "output_type": "display_data",
          "data": {
            "text/html": [
              "<style> pre { white-space: pre-wrap; }</style>"
            ],
            "text/plain": [
              "<IPython.core.display.HTML object>"
            ]
          },
          "metadata": {}
        },
        {
          "output_type": "execute_result",
          "data": {
            "text/plain": [
              "array([[3.97538607e-01, 5.95331255e-01, 7.13013825e-03],\n",
              "       [9.46507973e-01, 3.02126633e-02, 2.32793634e-02],\n",
              "       [2.80131203e-01, 7.10765877e-01, 9.10291990e-03],\n",
              "       [9.10765045e-01, 2.22980121e-03, 8.70051542e-02],\n",
              "       [7.98766536e-01, 1.57325779e-01, 4.39076849e-02],\n",
              "       [5.71727640e-01, 4.13176953e-01, 1.50954070e-02],\n",
              "       [9.67313775e-01, 4.10616191e-03, 2.85800629e-02],\n",
              "       [7.68702035e-01, 4.17842920e-05, 2.31256181e-01],\n",
              "       [3.75534858e-01, 1.27280128e-02, 6.11737129e-01],\n",
              "       [5.42250069e-04, 1.14189658e-05, 9.99446331e-01],\n",
              "       [1.74916883e-08, 1.80139264e-09, 9.99999981e-01],\n",
              "       [1.99899137e-25, 8.70202252e-08, 9.99999913e-01],\n",
              "       [1.88998264e-03, 1.19457458e-01, 8.78652559e-01],\n",
              "       [8.94577124e-04, 2.67653701e-03, 9.96428886e-01],\n",
              "       [1.12095737e-11, 1.97493989e-03, 9.98025060e-01],\n",
              "       [1.64682094e-12, 5.00633940e-04, 9.99499366e-01],\n",
              "       [8.11476071e-24, 2.53866688e-07, 9.99999746e-01],\n",
              "       [6.53431189e-08, 9.42410187e-11, 9.99999935e-01],\n",
              "       [9.59559140e-04, 2.09336223e-03, 9.96947079e-01],\n",
              "       [8.79920695e-01, 4.18598344e-05, 1.20037445e-01],\n",
              "       [9.51755705e-01, 1.26971247e-05, 4.82315975e-02],\n",
              "       [5.88035118e-05, 2.48818410e-09, 9.99941194e-01],\n",
              "       [3.22970075e-01, 3.94834859e-09, 6.77029921e-01],\n",
              "       [1.05547094e-01, 4.53251602e-07, 8.94452453e-01],\n",
              "       [9.07100372e-01, 3.54739416e-08, 9.28995923e-02],\n",
              "       [4.48355875e-03, 2.72270131e-15, 9.95516441e-01],\n",
              "       [1.59922414e-02, 3.77777106e-10, 9.84007758e-01],\n",
              "       [5.02745053e-01, 6.78716889e-17, 4.97254947e-01],\n",
              "       [7.46166490e-01, 1.48371763e-01, 1.05461747e-01],\n",
              "       [9.05431522e-01, 7.42100158e-02, 2.03584623e-02],\n",
              "       [6.62205112e-02, 9.32222367e-01, 1.55712188e-03],\n",
              "       [1.52508536e-01, 8.44868815e-01, 2.62264896e-03],\n",
              "       [2.96888255e-01, 6.98085291e-01, 5.02645423e-03],\n",
              "       [5.68997022e-01, 4.14269962e-01, 1.67330166e-02],\n",
              "       [2.05720182e-01, 7.64321763e-01, 2.99580542e-02],\n",
              "       [7.35331349e-02, 9.23887224e-01, 2.57964125e-03],\n",
              "       [9.54588399e-01, 2.05523489e-02, 2.48592524e-02],\n",
              "       [9.51755705e-01, 1.26971247e-05, 4.82315975e-02],\n",
              "       [9.41043824e-01, 4.80489943e-04, 5.84756858e-02],\n",
              "       [8.99751922e-01, 3.04584035e-09, 1.00248075e-01],\n",
              "       [5.75170647e-01, 2.30505201e-16, 4.24829353e-01],\n",
              "       [1.07519438e-04, 1.65577545e-15, 9.99892481e-01],\n",
              "       [9.62749812e-02, 1.68817996e-10, 9.03725019e-01],\n",
              "       [8.49381726e-01, 1.44043896e-09, 1.50618273e-01],\n",
              "       [9.42240254e-01, 4.15694526e-05, 5.77181764e-02],\n",
              "       [8.80933173e-01, 2.56918102e-08, 1.19066802e-01],\n",
              "       [9.51536755e-01, 2.14077021e-05, 4.84418368e-02],\n",
              "       [7.49976917e-04, 9.99062355e-01, 1.87668262e-04],\n",
              "       [1.74008502e-03, 9.98054866e-01, 2.05049050e-04],\n",
              "       [2.73447354e-02, 9.71857559e-01, 7.97705336e-04],\n",
              "       [3.20910118e-01, 6.72875286e-01, 6.21459659e-03],\n",
              "       [4.52946282e-01, 5.22701044e-01, 2.43526734e-02],\n",
              "       [3.79023817e-01, 4.79835987e-01, 1.41140196e-01],\n",
              "       [1.07671161e-01, 8.90484145e-01, 1.84469385e-03],\n",
              "       [3.62128367e-01, 6.28923759e-01, 8.94787424e-03],\n",
              "       [3.68951984e-01, 5.86551134e-01, 4.44968818e-02],\n",
              "       [1.87548521e-01, 4.82629455e-01, 3.29822024e-01],\n",
              "       [8.94719572e-01, 8.47074643e-02, 2.05729640e-02],\n",
              "       [8.43095895e-01, 4.96521708e-06, 1.56899140e-01],\n",
              "       [9.38939215e-01, 1.33567281e-05, 6.10474285e-02],\n",
              "       [3.16805340e-03, 9.96505087e-01, 3.26859631e-04],\n",
              "       [1.22174908e-03, 9.98542666e-01, 2.35584798e-04],\n",
              "       [5.30778519e-01, 1.19274328e-02, 4.57294048e-01],\n",
              "       [9.41179154e-01, 1.00006458e-02, 4.88202005e-02],\n",
              "       [6.60397552e-01, 3.24172864e-01, 1.54295840e-02],\n",
              "       [5.99409751e-23, 1.45280456e-20, 1.00000000e+00],\n",
              "       [6.77924527e-05, 1.91552569e-12, 9.99932208e-01],\n",
              "       [8.39223631e-01, 5.13183747e-08, 1.60776317e-01],\n",
              "       [1.17832836e-03, 8.13145078e-15, 9.98821672e-01],\n",
              "       [9.30076675e-01, 4.80954589e-02, 2.18278657e-02],\n",
              "       [9.33941952e-01, 3.25967093e-02, 3.34613385e-02],\n",
              "       [8.97472193e-01, 9.27504046e-04, 1.01600303e-01],\n",
              "       [9.12638688e-01, 6.02449465e-08, 8.73612516e-02],\n",
              "       [9.67181434e-01, 2.21594436e-03, 3.06026221e-02],\n",
              "       [2.06343189e-02, 8.18852900e-09, 9.79365673e-01],\n",
              "       [9.09803539e-01, 5.63600571e-08, 9.01964048e-02],\n",
              "       [2.42061893e-01, 2.15012744e-23, 7.57938107e-01],\n",
              "       [5.72870858e-01, 3.74315681e-08, 4.27129105e-01],\n",
              "       [7.34982794e-01, 1.46924639e-14, 2.65017206e-01],\n",
              "       [4.55063109e-01, 4.71982062e-15, 5.44936891e-01],\n",
              "       [9.50345453e-01, 1.84185373e-05, 4.96361289e-02],\n",
              "       [9.31001399e-01, 6.33442916e-06, 6.89922664e-02],\n",
              "       [7.64259101e-01, 9.04301980e-14, 2.35740899e-01],\n",
              "       [5.29864043e-01, 7.62064240e-12, 4.70135957e-01],\n",
              "       [8.41601151e-01, 1.72125477e-11, 1.58398849e-01],\n",
              "       [1.35758690e-01, 7.69263557e-01, 9.49777531e-02],\n",
              "       [2.47868797e-03, 7.96156313e-02, 9.17905681e-01],\n",
              "       [6.03909854e-02, 9.37633424e-01, 1.97559106e-03],\n",
              "       [9.23094626e-03, 9.89815019e-01, 9.54034717e-04],\n",
              "       [1.99625017e-01, 7.97075035e-01, 3.29994785e-03],\n",
              "       [4.41045076e-01, 3.61856740e-01, 1.97098184e-01],\n",
              "       [4.30847714e-03, 2.35522917e-02, 9.72139231e-01],\n",
              "       [9.49333780e-01, 1.21486229e-02, 3.85175974e-02],\n",
              "       [8.91262168e-02, 9.00450413e-01, 1.04233700e-02],\n",
              "       [7.47449560e-02, 9.24108599e-01, 1.14644476e-03],\n",
              "       [1.25738139e-01, 8.66900026e-01, 7.36183442e-03],\n",
              "       [1.66473087e-02, 8.54329552e-01, 1.29023140e-01],\n",
              "       [1.89944604e-04, 3.82096022e-01, 6.17714034e-01],\n",
              "       [4.07617050e-02, 8.22361043e-03, 9.51014685e-01],\n",
              "       [6.43179268e-04, 1.07781837e-03, 9.98279002e-01],\n",
              "       [5.80993315e-03, 7.48025932e-36, 9.94190067e-01],\n",
              "       [8.58018845e-01, 4.94074483e-11, 1.41981155e-01],\n",
              "       [7.09038740e-02, 4.78334818e-16, 9.29096126e-01],\n",
              "       [6.97631038e-02, 5.28533260e-31, 9.30236896e-01],\n",
              "       [9.14700721e-01, 4.70562247e-06, 8.52945738e-02],\n",
              "       [9.61239316e-01, 1.84645029e-04, 3.85760386e-02],\n",
              "       [9.53166906e-01, 7.33809433e-05, 4.67597129e-02],\n",
              "       [5.48857494e-02, 9.13666023e-01, 3.14482279e-02],\n",
              "       [8.43223653e-02, 9.03660697e-01, 1.20169379e-02],\n",
              "       [1.12588323e-01, 8.84330566e-01, 3.08111084e-03],\n",
              "       [1.13241209e-01, 8.83865864e-01, 2.89292703e-03],\n",
              "       [1.13241209e-01, 8.83865864e-01, 2.89292703e-03],\n",
              "       [3.70288478e-02, 9.62337300e-01, 6.33851850e-04],\n",
              "       [1.06906656e-01, 8.90664284e-01, 2.42905940e-03],\n",
              "       [1.04341227e-01, 8.93422442e-01, 2.23633065e-03],\n",
              "       [1.14828781e-01, 8.80888122e-01, 4.28309703e-03],\n",
              "       [1.09649942e-01, 8.87498831e-01, 2.85122705e-03],\n",
              "       [5.59363162e-03, 9.94023840e-01, 3.82527911e-04],\n",
              "       [2.51082368e-02, 9.74358112e-01, 5.33651388e-04],\n",
              "       [1.09535865e-01, 8.85137327e-01, 5.32680822e-03],\n",
              "       [8.70023063e-02, 9.00178286e-01, 1.28194082e-02],\n",
              "       [9.75701747e-02, 8.89404686e-01, 1.30251391e-02]])"
            ]
          },
          "metadata": {},
          "execution_count": 28
        }
      ]
    },
    {
      "cell_type": "code",
      "metadata": {
        "colab": {
          "base_uri": "https://localhost:8080/",
          "height": 33
        },
        "id": "vIsykmJvavT8",
        "outputId": "44ced74a-5737-4c99-fd2d-d7150ddd5b09"
      },
      "source": [
        "print(\"SILHOUETTE: \", silhouette_score(X, cluster))"
      ],
      "execution_count": 29,
      "outputs": [
        {
          "output_type": "display_data",
          "data": {
            "text/html": [
              "<style> pre { white-space: pre-wrap; }</style>"
            ],
            "text/plain": [
              "<IPython.core.display.HTML object>"
            ]
          },
          "metadata": {}
        },
        {
          "output_type": "stream",
          "name": "stdout",
          "text": [
            "SILHOUETTE:  0.3365177677346481\n"
          ]
        }
      ]
    },
    {
      "cell_type": "code",
      "metadata": {
        "colab": {
          "base_uri": "https://localhost:8080/",
          "height": 464
        },
        "id": "bQT9zJ9ogJwb",
        "outputId": "818b97a9-8ce8-4168-92f4-a22f0c8f0e88"
      },
      "source": [
        "# K-Means clustering assumes that the clusters take the shape of clusters (round in shape).\n",
        "# In GMM, however, the clusters could be nuanced, which is why it is used.\n",
        "# (For one, clusters are not always spherical, for two, we also want to use the soft assignment instead of the hard assignment.)\n",
        "\n",
        "X[\"cluster\"] = cluster\n",
        "\n",
        "(ggplot(X, aes(x=\"Calories\", y=\"Sodium(mg)\", color=\"cluster\")) + geom_point())"
      ],
      "execution_count": 30,
      "outputs": [
        {
          "output_type": "display_data",
          "data": {
            "text/html": [
              "<style> pre { white-space: pre-wrap; }</style>"
            ],
            "text/plain": [
              "<IPython.core.display.HTML object>"
            ]
          },
          "metadata": {}
        },
        {
          "output_type": "display_data",
          "data": {
